tramo	po_1_1	po_1_2	po_2_1	po_2_2	po_3_1	po_3_2	po_4_1	po_4_2	po_5_1	po_5_2	po_6_1	po_6_2	po_7_1	po_7_2	po_8_1	po_8_2	po_9_1	po_9_2	po_10_1	po_10_2	po_11_1	po_11_2	po_12_1	po_12_2	po_13_1	po_13_2	po_14_1	po_14_2	po_15_1	po_15_2	po_16_1	po_16_2
1	0.166613974	0.104880318	0.13897961	0.090010606	0.110909438	0.055995883	0.113029211	0.068105444	0.136542991	0.083247817	0.133494233	0.084415372	0.139026491	0.079451136	0.106826249	0.060035746	0.131559272	0.072808023	0.150905165	0.088063496	0.23787993	0.112453532	0.275302449	0.120574351	0.139197906	0.098457791	0.12085422	0.076717667	0.190628548	0.078944107	0.096819457	0.057407074
2	0.607027377	0.438533648	0.570072061	0.406389332	0.55190958	0.333333333	0.526631296	0.337534722	0.498416745	0.355645059	0.628925485	0.416666667	0.560780472	0.35337774	0.434666408	0.288967538	0.525510635	0.331097397	0.614339493	0.402742841	0.711627907	0.494673295	0.678357713	0.517911585	0.538060387	0.418819782	0.502247488	0.330338405	0.535464638	0.345080092	0.504083941	0.31864748
3	0.795801527	0.615665091	0.795094499	0.592522321	0.777723097	0.533803895	0.749253123	0.540294254	0.760845124	0.6012599	0.813400412	0.591439352	0.790407612	0.576606784	0.722717777	0.556631492	0.758701693	0.557666397	0.804671243	0.606181486	0.862881508	0.676944639	0.853324003	0.693291215	0.794840872	0.670677331	0.753463927	0.55736828	0.742691871	0.568990681	0.749271137	0.544079467
4	0.850391518	0.652039007	0.864015233	0.631299846	0.851014331	0.566532258	0.836179212	0.587028825	0.858033442	0.653052512	0.871944047	0.613846874	0.867540418	0.604054129	0.838951013	0.619780139	0.839807108	0.594772026	0.869178153	0.648990401	0.907171037	0.728524919	0.911680912	0.73566829	0.872385506	0.720636484	0.847775364	0.614086013	0.831148896	0.632447187	0.839841074	0.590448714
5	0.872138427	0.656614942	0.886318446	0.623547741	0.875025015	0.562996239	0.859609092	0.576041869	0.880226008	0.651905839	0.891062794	0.601864564	0.886299414	0.595518537	0.85895927	0.603015359	0.851915243	0.581184757	0.882129543	0.639188591	0.928672986	0.722667356	0.934852424	0.719538693	0.889818783	0.716441274	0.872371596	0.61562753	0.84480042	0.659800409	0.848088744	0.558836437
6	0.87602529	0.654394514	0.889786451	0.609007165	0.87040354	0.551294657	0.867734802	0.577882335	0.885160757	0.646368771	0.889399461	0.58781155	0.882700374	0.56814379	0.86526632	0.58546488	0.846469013	0.558273165	0.879430496	0.61270384	0.916808562	0.713650264	0.934986489	0.717805347	0.895725389	0.701908922	0.868958727	0.577288056	0.852097429	0.655395777	0.848896987	0.51773379
7	0.869459328	0.64928292	0.881045152	0.593045615	0.868165506	0.542795233	0.85790296	0.55246361	0.878357821	0.62355137	0.881810833	0.55660907	0.873018199	0.533306189	0.850637704	0.553389226	0.835214083	0.52556555	0.866015638	0.583022357	0.915366305	0.683453237	0.927567962	0.706198426	0.891870504	0.684402472	0.856626032	0.546635909	0.84816831	0.65796309	0.83087926	0.483065269
8	0.859013398	0.597625053	0.872718154	0.540787384	0.851782559	0.499258946	0.848193078	0.510444666	0.860421143	0.578312324	0.870009314	0.508885687	0.857322886	0.496464449	0.826223374	0.50829411	0.814876191	0.481332446	0.845338258	0.535512148	0.893238434	0.6438399	0.908157753	0.649263008	0.880969255	0.643492803	0.837766348	0.496154962	0.839378238	0.61351052	0.805828044	0.435104795
9	0.824510515	0.527527888	0.843062201	0.479079632	0.834984296	0.442217689	0.819225456	0.456917133	0.835974866	0.515432758	0.841224244	0.452718919	0.825833123	0.439818977	0.785956513	0.446887322	0.780073612	0.421459676	0.814365711	0.477247319	0.85972267	0.61612558	0.873906706	0.57283237	0.863922506	0.582712383	0.807285849	0.442975207	0.825579338	0.557272582	0.763460016	0.373945642
10	0.751177058	0.402881929	0.760436433	0.359891688	0.77962298	0.319502075	0.74618506	0.322145202	0.763010772	0.361213668	0.759212365	0.303872437	0.761845621	0.297250798	0.695697224	0.306183399	0.706176962	0.291348237	0.739487675	0.336820618	0.818293181	0.449955713	0.790489009	0.417886551	0.814236597	0.440771998	0.735300272	0.307038355	0.751741486	0.414116297	0.660389454	0.243548508
11	0.559737418	0.242988698	0.524577954	0.222545709	0.507585609	0.177954037	0.484850752	0.178961297	0.504985271	0.207764774	0.466399198	0.158235919	0.462298368	0.151090272	0.40183055	0.15128762	0.434246112	0.15153209	0.482156683	0.179768083	0.629494211	0.312306741	0.527734738	0.233096635	0.590954845	0.265740774	0.456156842	0.163685371	0.548537406	0.252957234	0.367344893	0.108250277
12	0.379981174	0.159580838	0.345392877	0.134416087	0.318222222	0.104087193	0.313934813	0.101731245	0.32351599	0.121428164	0.290277368	0.087342458	0.272421943	0.084862385	0.234960113	0.082900558	0.269961172	0.090306091	0.316672714	0.110804199	0.443324937	0.191964286	0.363711682	0.133762789	0.407002316	0.158867918	0.287846856	0.104882459	0.367031552	0.148852826	0.21878147	0.065020668
13	0.2446084	0.090265487	0.235703002	0.082155477	0.212426532	0.058844508	0.191284279	0.063311866	0.206420345	0.070072713	0.17061144	0.0520754	0.16608584	0.05028815	0.143939394	0.049168474	0.181593515	0.05638171	0.211188093	0.073511419	0.304038005	0.125550661	0.240693196	0.066733567	0.263494126	0.092266278	0.180290298	0.065217391	0.234574197	0.095873281	0.132611397	0.045090909
14	0.153021442	0.058403634	0.131736527	0.054116866	0.102409639	0.032608696	0.115860046	0.041507706	0.113754045	0.04284205	0.093795094	0.031629483	0.091122226	0.032580262	0.082965478	0.031695101	0.1134375	0.036460649	0.126188418	0.046796146	0.191532258	0.074652778	0.134311512	0.041992883	0.14724202	0.051695775	0.133495146	0.039756239	0.140721196	0.057228916	0.080820265	0.025179856
15	0.139931741	0.043611794	0.100363636	0.04567385	0.077065924	0.017886179	0.067136886	0.025056264	0.079089275	0.027338974	0.063945578	0.02270195	0.063706564	0.022515166	0.056777347	0.024600712	0.076091155	0.027169728	0.084246218	0.031148509	0.133928571	0.051509769	0.085755814	0.025544703	0.097710796	0.031930856	0.084562439	0.031678082	0.082774049	0.040327662	0.058846154	0.024250441